[camera]
distance = 1.2999999523162842
theta = 1.5707963705062866
phi = 1.5707963705062866
vfov = 0.7853981852531433
target_pos = [0.0, 0.0, 0.0]

[rm_settings]
n_steps = 300

[bounding_box]
lo = [-0.5, -0.5, -0.5]
hi = [0.5, 0.5, 0.5]
